0
0
0
8
3
0
16

9
3
0
16

10
3
0
16

66161955
8133
66145689
66161956

66161956
8134
66161956
66178225

66161957
8134
66161956
66178225

33192887369195861703840
316227766016
0
100000000000102500044289

33192887369195861703841
316227766016
0
100000000000102500044289

33192887369195861703842
316227766016
0
100000000000102500044289

1092546140619339541844862897115996008
3162277660168379331
0
10000000000000000000006997839444766224

1092546140619339541844862897115996009
3162277660168379331
0
10000000000000000000006997839444766224

1092546140619339541844862897115996010
3162277660168379331
0
10000000000000000000006997839444766224

4002145756106273790245163670016606843071061962653568899
3162277660168379331998893544
0
10000000000000000000000000003587803015692425104242667025

4002145756106273790245163670016606843071061962653568900
3162277660168379331998893544
0
10000000000000000000000000003587803015692425104242667025

4002145756106273790245163670016606843071061962653568901
3162277660168379331998893544
0
10000000000000000000000000003587803015692425104242667025

6842068205689139772478311433213459728528110813976925239708334289219135
82716795185071935743077872114868055
6842068205689139772478311433213459563094520443833053753552590059483025
6842068205689139772478311433213459728528110813976925239708334289219136

6842068205689139772478311433213459728528110813976925239708334289219136
82716795185071935743077872114868056
6842068205689139772478311433213459728528110813976925239708334289219136
6842068205689139772478311433213459893961701184120796725864078518955249

6842068205689139772478311433213459728528110813976925239708334289219137
82716795185071935743077872114868056
6842068205689139772478311433213459728528110813976925239708334289219136
6842068205689139772478311433213459893961701184120796725864078518955249

